4.437459945678711
7.2808074951171875
9.36209487915039
3.225029230117798
4.356870651245117
5.821335792541504
3.98240065574646
6.712868690490723
4.9939985275268555
4.749784469604492
4.619670867919922
6.740379810333252
3.7622485160827637
4.929684638977051
8.895984649658203
5.821335792541504
7.879382133483887
4.7506208419799805
6.710553169250488
7.062426567077637
7.67402982711792
4.988710403442383
4.983227252960205
9.303474426269531
4.441439628601074
4.339311122894287
4.744816780090332
6.601644039154053
9.303474426269531
3.488908529281616
5.372763156890869
5.078539848327637
4.617831707000732
4.785147666931152
4.983227252960205
6.712868690490723
5.821335792541504
5.180981159210205
6.602205276489258
4.342770576477051
4.342196941375732
9.36209487915039
8.013885498046875
4.357461929321289
4.6145172119140625
4.958820819854736
9.303474426269531
4.250434398651123
5.1546854972839355
4.983230113983154
9.303474426269531
4.357461929321289
4.661017894744873
4.857353210449219
7.062426567077637
4.983230113983154
4.339311122894287
9.36209487915039
3.333298444747925
6.710553169250488
6.169088840484619
4.667321681976318
4.4012603759765625
4.789229393005371
4.008472442626953
4.883300304412842
5.076197147369385
9.36209487915039
7.272056579589844
4.546412467956543
5.821335792541504
5.759918212890625
6.740379810333252
9.303474426269531
7.823866844177246
7.823866844177246
4.519041061401367
4.410504341125488
4.983273506164551
8.13376522064209
4.651278972625732
9.303474426269531
4.301215171813965
4.613128185272217
5.11121940612793
8.415233612060547
5.39944314956665
7.823866844177246
9.303474426269531
6.71353816986084
9.36209487915039
7.980592250823975
9.36209487915039
5.1392741203308105
6.3984375
5.087449073791504
4.37122106552124
5.176889896392822
4.309597969055176
5.072004318237305
4.154303073883057
9.303474426269531
8.521357536315918
4.342222690582275
4.342770576477051
6.402077674865723
4.95886754989624
9.303474426269531
6.730355739593506
5.326636791229248
6.710537433624268
5.80247163772583
9.36209487915039
7.823866844177246
9.303474426269531
5.842935085296631
6.71353816986084
9.36209487915039
4.421610355377197
9.104966163635254
9.303474426269531
9.36209487915039
5.008645057678223
9.303474426269531
5.842935085296631
4.0425238609313965
9.36209487915039
4.365113258361816
4.833998680114746
6.464308261871338
4.357461929321289
8.521357536315918
4.34929895401001
8.350299835205078
4.511420249938965
4.652257919311523
4.375912666320801
7.74022102355957
5.725146293640137
5.681389808654785
5.821335792541504
7.073991775512695
6.71353816986084
8.147100448608398
4.8106184005737305
6.471212387084961
4.813258171081543
6.740379810333252
6.851496696472168
7.647278785705566
5.017848968505859
5.80247163772583
4.824495315551758
7.823866844177246
4.341153144836426
4.342770576477051
4.958820819854736
4.737327575683594
4.84917688369751
7.823866844177246
4.357461929321289
7.823866844177246
4.649250030517578
4.426692485809326
5.842935085296631
6.685640335083008
3.919877290725708
4.242956161499023
4.108474254608154
4.759256362915039
7.914181232452393
5.347900867462158
4.372981548309326
4.2228875160217285
8.574198722839355
9.303474426269531
7.823866844177246
3.3578286170959473
9.303474426269531
9.303474426269531
6.740379810333252
4.858175754547119
4.806890487670898
4.346452713012695
4.365113258361816
9.36209487915039
6.740379810333252
4.154303073883057
4.634519100189209
9.303474426269531
4.983016014099121
5.40139627456665
4.983230113983154
5.105578899383545
4.574674606323242
4.198845863342285
4.790699481964111
9.36209487915039
6.710553169250488
8.574197769165039
5.842935085296631
8.777462005615234
5.325929164886475
5.045463562011719
3.2620909214019775
4.198845863342285
9.36209487915039
5.842935085296631
5.180970191955566
5.603453636169434
6.240599155426025
4.983227252960205
9.303474426269531
4.955862998962402
4.014357566833496
8.212530136108398
9.303474426269531
4.947248458862305
5.80247163772583
5.80247163772583
7.823866844177246
4.435858726501465
4.154299259185791
4.342280387878418
9.36209487915039
4.435798168182373
8.309490203857422
4.336141586303711
9.303474426269531
6.199405670166016
9.36209487915039
3.3796205520629883
9.36209487915039
7.717953205108643
4.342770576477051
4.283834457397461
7.062426567077637
7.062426567077637
5.623874664306641
4.357461929321289
9.36209487915039
4.449708938598633
9.303474426269531
9.303474426269531
4.716800689697266
4.339371681213379
4.983227252960205
4.831963539123535
10.135971069335938
4.983230113983154
4.342196941375732
8.40666389465332
4.9445061683654785
6.268121242523193
6.711804389953613
4.958824634552002
5.044896125793457
5.07840633392334
5.364269256591797
5.446390151977539
5.590597152709961
4.339371681213379
5.871034622192383
4.207969665527344
8.897157669067383
4.983230113983154
7.518021106719971
6.781126499176025
9.588127136230469
8.577995300292969
3.7622485160827637
4.748352527618408
9.303474426269531
9.36209487915039
10.012510299682617
5.80247163772583
9.36209487915039
7.015402317047119
9.104966163635254
4.3025803565979
8.529568672180176
9.303474426269531
6.710553169250488
4.342770576477051
9.303474426269531
4.950475692749023
7.823866844177246
4.215591907501221
4.545895576477051
7.888399600982666
4.2473464012146
9.303474426269531
9.303474426269531
4.063594818115234
7.747546195983887
7.286807060241699
4.420502662658691
5.821335792541504
6.018163204193115
4.61756706237793
6.712884902954102
7.888516426086426
4.857690811157227
5.072000503540039
4.983227252960205
5.80247163772583
9.104966163635254
7.998224258422852
5.842935085296631
4.56801700592041
8.43030071258545
4.357461929321289
4.481099605560303
9.36209487915039
7.823866844177246
4.289624214172363
4.7584686279296875
7.823866844177246
4.421610355377197
6.740379810333252
4.401949405670166
9.303474426269531
4.289624214172363
4.845820426940918
7.988474369049072
4.617831707000732
4.372640132904053
6.9505486488342285
9.303474426269531
9.36209487915039
9.303474426269531
5.842935085296631
7.8730692863464355
7.725954532623291
4.720406532287598
7.823866844177246
6.740379810333252
9.36209487915039
7.062426567077637
3.488645553588867
8.580609321594238
7.875685214996338
4.610595703125
9.36209487915039
4.545895576477051
5.248763084411621
5.80247163772583
5.127481460571289
5.842935085296631
3.2968764305114746
9.104966163635254
3.2968764305114746
8.577157974243164
8.577157974243164
7.397263526916504
8.32288646697998
4.529639720916748
5.891680717468262
4.748352527618408
9.303474426269531
5.80247163772583
4.89052152633667
4.983227252960205
4.988688945770264
7.634282112121582
7.8238654136657715
6.710553169250488
4.305482864379883
6.249278545379639
7.831623077392578
5.821335792541504
6.464308261871338
4.708574295043945
9.36209487915039
7.823866844177246
9.303474426269531
4.620502471923828
4.667874336242676
4.336730480194092
7.752223014831543
7.062426567077637
5.138962745666504
4.636272430419922
5.40139627456665
6.094793319702148
5.80247163772583
4.682928085327148
5.364269256591797
4.342196941375732
7.069100856781006
4.664582252502441
4.355727195739746
9.104966163635254
4.017435073852539
4.665777683258057
7.823866844177246
6.710553169250488
5.4002766609191895
4.357461929321289
7.823866844177246
4.813258171081543
7.2337751388549805
9.36209487915039
4.342770576477051
6.710553169250488
4.983230113983154
4.958824634552002
4.664458274841309
9.303474426269531
4.655028820037842
6.740379810333252
9.303474426269531
4.095175743103027
4.5462799072265625
5.842935085296631
4.95886754989624
6.740379810333252
5.842935085296631
6.634575843811035
4.341490745544434
4.2062249183654785
4.571019172668457
9.36209487915039
7.062426567077637
9.36209487915039
4.736441612243652
4.744826316833496
4.509090900421143
9.36209487915039
6.71353816986084
6.712868690490723
5.870687007904053
5.348770618438721
8.580607414245605
4.389736175537109
5.31617546081543
8.007566452026367
4.154393672943115
4.445285320281982
5.842935085296631
7.823866844177246
4.983230113983154
5.097857475280762
5.465104103088379
9.303474426269531
4.0637922286987305
9.36209487915039
5.102466583251953
6.251309394836426
4.342770576477051
9.303474426269531
4.303360462188721
4.3418869972229
4.9831976890563965
4.829026699066162
4.767335414886475
3.5708494186401367
4.4138922691345215
3.912031412124634
4.460474014282227
9.303474426269531
4.841019153594971
4.983230113983154
5.042329788208008
4.547791481018066
4.554572105407715
4.401098251342773
6.740379810333252
4.154296398162842
9.303474426269531
9.303474426269531
9.111407279968262
4.475324630737305
9.303474426269531
4.154301643371582
6.710553169250488
7.397421836853027
5.965418815612793
8.252947807312012
4.405410289764404
6.30867338180542
4.3572916984558105
5.362128257751465
4.983230113983154
4.634903907775879
5.07549524307251
9.36209487915039
9.303474426269531
8.482932090759277
9.303474426269531
6.710083961486816
6.219938278198242
5.104740142822266
6.476024150848389
9.36209487915039
4.537782669067383
9.29831600189209
6.712884902954102
7.062426567077637
5.779059410095215
6.4269208908081055
4.773808002471924
6.0986857414245605
5.104342937469482
3.88610577583313
9.303474426269531
4.435940265655518
9.36209487915039
5.538376331329346
6.712868690490723
7.998224258422852
4.342770576477051
3.7734923362731934
7.978059768676758
4.341490745544434
4.827517986297607
4.441768169403076
5.109681606292725
6.710553169250488
7.823866844177246
4.154299736022949
7.823866844177246
9.303474426269531
4.610503196716309
9.36209487915039
5.287716865539551
4.983230113983154
4.824495315551758
9.303474426269531
9.303474426269531
6.142392635345459
4.629925727844238
7.517585754394531
4.631172180175781
5.842935085296631
4.372640132904053
5.842935085296631
7.387156963348389
4.303410530090332
5.071579933166504
4.112338542938232
9.303474426269531
6.471212387084961
6.634654998779297
4.372640132904053
3.325139284133911
4.336730480194092
4.9087114334106445
5.956583499908447
4.339311122894287
4.342196941375732
4.626300811767578
8.482932090759277
8.3242826461792
7.980316162109375
4.256176471710205
4.411807537078857
3.9624557495117188
4.336730480194092
6.133005619049072
5.399240493774414
4.107398986816406
8.189927101135254
9.36209487915039
9.36209487915039
4.983227252960205
6.22545051574707
6.740379810333252
7.830081939697266
4.61763858795166
4.342770576477051
4.749176979064941
4.452609062194824
7.830081939697266
7.888399600982666
4.054730415344238
5.675507545471191
4.154299736022949
8.521357536315918
5.842935085296631
6.673426151275635
4.988710403442383
4.402675628662109
7.823866844177246
8.574197769165039
4.450681209564209
4.61756706237793
5.753490447998047
4.751196384429932
9.303474426269531
4.549609184265137
9.303474426269531
4.170475959777832
6.111659526824951
5.80247163772583
8.596548080444336
5.268267631530762
6.602173805236816
6.9505486488342285
6.71353816986084
4.95973014831543
7.60473108291626
4.716800689697266
9.36209487915039
4.5462799072265625
8.290637969970703
6.710553169250488
4.341485023498535
5.132155895233154
4.9107208251953125
6.71353816986084
4.336141586303711
9.303474426269531
4.760120391845703
4.5462799072265625
4.342770576477051
4.1543073654174805
9.36209487915039
4.357461929321289
7.823866844177246
4.715452194213867
4.742839813232422
6.361533164978027
4.8717498779296875
4.342804908752441
3.760812997817993
8.577157974243164
9.303474426269531
4.658998012542725
3.1899540424346924
4.336730480194092
9.303474426269531
6.712868690490723
4.390433311462402
9.303474426269531
4.300650596618652
4.395559787750244
4.351951599121094
3.883146047592163
8.350299835205078
4.336141586303711
9.303474426269531
9.303474426269531
5.842935085296631
6.1865644454956055
3.5398707389831543
4.983230113983154
9.104966163635254
9.303474426269531
5.665012836456299
4.342196941375732
5.519782066345215
4.983230113983154
6.740379810333252
8.32288646697998
4.352377891540527
8.357593536376953
5.460799217224121
4.336730480194092
6.703970909118652
5.1395487785339355
4.447591781616211
4.818894863128662
7.831352233886719
7.823866844177246
4.983227252960205
5.097780227661133
4.509620189666748
5.80247163772583
4.404950141906738
4.339311122894287
4.54653263092041
4.3479766845703125
4.95886754989624
3.9808173179626465
9.149185180664062
4.649444103240967
6.740379810333252
7.884818077087402
9.36209487915039
4.656091690063477
5.483049392700195
4.897944927215576
6.19582986831665
8.574197769165039
9.36209487915039
7.823866844177246
4.411750793457031
5.169223308563232
4.958824634552002
6.740379810333252
4.681981086730957
5.034843444824219
7.062426567077637
3.7622485160827637
9.303474426269531
5.161746025085449
4.983230113983154
4.688316345214844
9.303474426269531
4.13598108291626
6.740379810333252
6.712884902954102
4.156054496765137
4.024143218994141
9.295881271362305
6.164485454559326
4.259790420532227
4.709556579589844
5.80247163772583
4.509714603424072
5.102466583251953
9.303474426269531
6.712868690490723
8.416413307189941
4.342770576477051
6.634575843811035
4.435940265655518
3.225029230117798
6.712868690490723
4.1542744636535645
4.611596584320068
4.336141586303711
4.983230113983154
5.1252055168151855
9.36209487915039
4.716800689697266
5.104342937469482
3.979374647140503
9.36209487915039
4.983227252960205
5.821335792541504
9.303474426269531
4.357461929321289
4.983230113983154
5.030832290649414
6.71353816986084
4.174798011779785
3.9852285385131836
4.004627227783203
9.303474426269531
4.375912666320801
4.744826316833496
6.031160354614258
9.303474426269531
9.303474426269531
4.339250087738037
9.36209487915039
9.303474426269531
7.823866844177246
4.339371681213379
3.9582717418670654
4.611596584320068
5.454089164733887
5.593855381011963
4.053983688354492
5.80247163772583
4.445098400115967
7.71585750579834
4.983230113983154
5.80247163772583
4.339371681213379
5.444252967834473
7.129012107849121
5.80247163772583
4.884295463562012
4.844313144683838
7.518021106719971
4.955859184265137
7.634282112121582
4.342196941375732
9.36209487915039
9.36209487915039
4.406676769256592
4.5462799072265625
5.821335792541504
6.7129950523376465
9.36209487915039
4.198502063751221
9.303474426269531
4.813258171081543
9.36209487915039
4.955859184265137
4.789907932281494
5.519782066345215
3.48861026763916
8.05218505859375
4.983227252960205
4.401800155639648
5.399240493774414
6.777940273284912
4.983230113983154
4.7825164794921875
5.549036026000977
4.342196941375732
6.078234672546387
4.51480770111084
6.091075897216797
7.823866844177246
6.9286580085754395
9.303474426269531
5.80247163772583
4.504186153411865
4.411807537078857
9.36209487915039
4.339311122894287
7.823866844177246
9.36209487915039
4.779600143432617
4.983230113983154
4.3563947677612305
9.36209487915039
4.401980400085449
4.14324951171875
4.983016014099121
4.0143585205078125
4.042324066162109
5.501646041870117
4.375739097595215
4.983016014099121
9.303474426269531
4.339371681213379
5.821335792541504
4.716996669769287
9.36209487915039
6.117834091186523
3.8331801891326904
3.5852434635162354
9.104966163635254
8.641329765319824
4.95886754989624
4.983230113983154
6.294358730316162
4.219484329223633
4.955859184265137
6.9110918045043945
4.1543073654174805
5.842935085296631
5.4002766609191895
4.029891490936279
4.357461929321289
4.357461929321289
4.008472442626953
5.3495330810546875
9.29831600189209
5.495422840118408
6.53237247467041
4.420502662658691
5.499364852905273
8.577157974243164
9.36209487915039
9.303474426269531
7.823866844177246
5.446390151977539
8.574197769165039
5.842935085296631
4.958824634552002
4.958824634552002
4.154298305511475
9.36209487915039
7.401150703430176
4.554572105407715
9.36209487915039
9.36209487915039
4.617831707000732
8.57717514038086
4.300232410430908
5.821335792541504
9.36209487915039
8.254475593566895
4.357461929321289
5.842935085296631
7.823866844177246
4.042324066162109
5.759573459625244
5.549799919128418
8.576455116271973
9.36209487915039
4.8590898513793945
4.5462799072265625
6.710537433624268
6.601644039154053
4.342646598815918
5.782128810882568
4.9588704109191895
3.5084800720214844
6.068912029266357
6.1606855392456055
4.341479778289795
5.462500095367432
9.303474426269531
7.693263053894043
4.983230113983154
9.36209487915039
4.357461929321289
7.823866844177246
5.339006423950195
4.871737480163574
6.712884902954102
6.740379810333252
4.865447998046875
4.056675910949707
4.636367321014404
5.076197147369385
6.189886569976807
9.303474426269531
9.36209487915039
4.342196941375732
6.673426151275635
4.947946548461914
4.983230113983154
6.337890625
4.983230113983154
9.36209487915039
4.107863426208496
8.049470901489258
4.858672618865967
4.339311122894287
9.36209487915039
4.421610355377197
6.712868690490723
7.998224258422852
4.958824634552002
9.36209487915039
4.357461929321289
7.876565933227539
4.929684638977051
6.811298370361328
4.958820819854736
5.083022117614746
9.303474426269531
6.1597418785095215
5.80247163772583
7.647270202636719
4.9937543869018555
9.36209487915039
5.447171211242676
4.9831976890563965
4.581958770751953
10.199846267700195
4.983230113983154
7.328218460083008
5.821335792541504
9.36209487915039
7.823866844177246
7.646915912628174
4.497002601623535
5.80247163772583
5.590597152709961
7.062426567077637
7.823866844177246
9.303474426269531
9.104966163635254
4.744826316833496
5.850435733795166
4.286657333374023
4.874281883239746
4.983230113983154
3.9156928062438965
4.696530818939209
4.717099189758301
4.813258171081543
5.385168075561523
4.395559787750244
4.336730480194092
9.111407279968262
5.054175853729248
7.646915912628174
4.336730480194092
9.303474426269531
4.357461929321289
8.482932090759277
4.833159923553467
9.36209487915039
4.86075496673584
7.823866844177246
4.9831976890563965
4.228668212890625
6.712868690490723
9.303474426269531
4.336141586303711
6.710553169250488
5.104342937469482
7.823866844177246
4.61756706237793
5.439030647277832
4.109269142150879
4.375912666320801
4.714292049407959
4.547791481018066
4.748353004455566
6.712884902954102
4.689192771911621
9.36209487915039
5.4674530029296875
9.104966163635254
4.983230113983154
4.336730480194092
4.983230113983154
9.303474426269531
